EESchema-LIBRARY Version 2.3
#
# LOGO
# pixmap size w = 77, h = 45
#
DEF LOGO G 0 40 Y Y 1 F N
F0 "#G" 0 -43 60 H I C CNN
F1 "LOGO" 0 43 60 H I C CNN
DRAW
P 263 0 0 1 130 73 127 73 127 -20 126 -21 124 -21 124 -50 124 -60 120 -68 120 -69 113 -72 103 -73 90 -73 90 -55 90 -37 101 -37 111 -38 118 -41 120 -42 124 -50 124 -21 120 -22 108 -22 92 -23 87 -23 87 -68 86 -70 82 -73 72 -73 57 -73 57 -55 57 -48 58 -41 60 -37 64 -37 67 -37 70 -41 70 -50 70 -51 71 -59 73 -62 79 -63 84 -64 87 -68 87 -23 73 -23 61 -23 45 -23 32 -22 23 -21 21 -21 21 -20 24 -14 30 -4 37 8 45 22 53 36 61 49 67 60 72 67 74 70 78 65 84 56 91 44 99 31 107 17 115 3 121 -8 125 -16 127 -20 127 73 55 73 55 68 28 22 12 -5 12 -63 9 -68 5 -70 -4 -73 -13 -71 -20 -65 -23 -55 -22 -49 -17 -42 -9 -38 0 -37 7 -42 10 -47 7 -50 4 -51 -2 -50 -4 -48 -8 -50 -10 -57 -9 -61 -4 -63 2 -60 4 -59 10 -59 10 -60 12 -63 12 -5 1 -24 -18 9 -21 14 -21 -17 -21 -21 -26 -21 -26 -55 -27 -61 -27 -69 -29 -72 -33 -73 -36 -73 -38 -71 -40 -65 -40 -55 -40 -48 -39 -41 -37 -37 -33 -37 -31 -37 -28 -39 -27 -44 -26 -55 -26 -21 -27 -22 -39 -23 -46 -23 -46 -55 -47 -61 -47 -69 -49 -72 -53 -73 -58 -71 -65 -66 -70 -58 -70 -66 -71 -71 -76 -73 -79 -73 -82 -71 -83 -65 -83 -55 -83 -49 -82 -41 -80 -37 -77 -37 -72 -38 -65 -43 -61 -50 -59 -43 -57 -39 -52 -37 -51 -37 -48 -38 -47 -44 -46 -55 -46 -23 -54 -23 -72 -23 -77 -23 -86 -23 -86 -51 -87 -54 -88 -64 -90 -69 -96 -72 -105 -73 -109 -73 -117 -70 -122 -63 -123 -51 -123 -42 -121 -38 -116 -37 -113 -37 -110 -41 -110 -50 -110 -54 -108 -61 -105 -63 -103 -63 -101 -59 -100 -50 -99 -42 -98 -38 -93 -37 -89 -38 -87 -42 -86 -51 -86 -23 -95 -23 -108 -23 -116 -22 -121 -21 -122 -20 -123 -17 -121 -12 -116 -3 -110 9 -102 22 -94 36 -87 49 -80 60 -75 67 -73 70 -72 69 -69 64 -63 55 -56 43 -48 30 -39 16 -32 2 -26 -9 -21 -17 -21 14 -25 20 -33 34 -40 46 -45 55 -48 59 -51 66 -52 69 -51 69 -43 70 -31 70 -16 70 2 69 55 68 55 73 2 73 -126 73 -126 -2 -126 -77 -46 -76 -45 -76 -20 -76 0 -76 13 -76 22 -75 27 -75 29 -74 27 -72 25 -71 19 -64 18 -55 20 -46 26 -39 35 -37 41 -37 48 -43 52 -51 52 -60 49 -68 40 -74 44 -75 53 -76 66 -76 83 -76 130 -77 130 -2 130 73 130 73 F
P 10 0 0 1 40 -56 38 -51 35 -48 33 -50 31 -56 31 -61 35 -63 39 -62 40 -56 40 -56 F
P 11 0 0 1 112 -52 111 -49 108 -47 105 -49 104 -57 104 -64 105 -66 109 -62 112 -58 112 -52 112 -52 F
ENDDRAW
ENDDEF
